Name: Vijay
Time taken: 5.79222 seconds
Solution:
1 2 3 4 5 6 7 8 9 
4 5 6 7 8 9 1 2 3 
7 8 9 1 2 3 4 5 6 
2 1 4 3 6 5 8 9 7 
3 6 5 8 9 7 2 1 4 
8 9 7 2 1 4 3 6 5 
5 3 1 6 4 2 9 7 8 
6 4 2 9 7 8 5 3 1 
9 7 8 5 3 1 6 4 2 
------------------------------------------
Name: Madan
Time taken: 12.175 seconds
Solution:
1 2 3 4 5 6 7 8 9 
4 5 6 7 8 9 1 2 3 
7 8 9 1 2 3 4 5 6 
2 1 4 3 6 5 8 9 7 
3 6 5 8 9 7 2 1 4 
8 9 7 2 1 4 3 6 5 
5 3 1 6 4 2 9 7 8 
6 4 2 9 7 8 5 3 1 
9 7 8 5 3 1 6 4 2 
------------------------------------------
Name: Jade
Time taken: 5.01796 seconds
Solution:
1 2 3 4 5 6 7 8 9 
4 5 6 7 8 9 1 2 3 
7 8 9 1 2 3 4 5 6 
2 1 4 3 6 5 8 9 7 
3 6 5 8 9 7 2 1 4 
8 9 7 2 1 4 3 6 5 
5 3 1 6 4 2 9 7 8 
6 4 2 9 7 8 5 3 1 
9 7 8 5 3 1 6 4 2 
------------------------------------------
Name: Arun
Time taken: 5.30674 seconds
Solution:
1 2 3 4 5 6 7 8 9 
4 5 6 7 8 9 1 2 3 
7 8 9 1 2 3 4 5 6 
2 1 4 3 6 5 8 9 7 
3 6 5 8 9 7 2 1 4 
8 9 7 2 1 4 3 6 5 
5 3 1 6 4 2 9 7 8 
6 4 2 9 7 8 5 3 1 
9 7 8 5 3 1 6 4 2 
------------------------------------------
Name: Sathish
Time taken: 11.4709 seconds
Solution:
1 2 3 4 5 6 7 8 9 
4 5 6 7 8 9 1 2 3 
7 8 9 1 2 3 4 5 6 
2 1 4 3 6 5 8 9 7 
3 6 5 8 9 7 2 1 4 
8 9 7 2 1 4 3 6 5 
5 3 1 6 4 2 9 7 8 
6 4 2 9 7 8 5 3 1 
9 7 8 5 3 1 6 4 2 
------------------------------------------
Name: Karthi
Time taken: 3.78171 seconds
Solution:
1 2 3 4 5 6 7 8 9 
4 5 6 7 8 9 1 2 3 
7 8 9 1 2 3 4 5 6 
2 1 4 3 6 5 8 9 7 
3 6 5 8 9 7 2 1 4 
8 9 7 2 1 4 3 6 5 
5 3 1 6 4 2 9 7 8 
6 4 2 9 7 8 5 3 1 
9 7 8 5 3 1 6 4 2 
------------------------------------------
Name: ARun
Time taken: 23.4064 seconds
Solution:
1 2 3 4 5 6 7 8 9 
4 5 6 7 8 9 1 2 3 
7 8 9 1 2 3 4 5 6 
2 1 4 3 6 5 8 9 7 
3 6 5 8 9 7 2 1 4 
8 9 7 2 1 4 3 6 5 
5 3 1 6 4 2 9 7 8 
6 4 2 9 7 8 5 3 1 
9 7 8 5 3 1 6 4 2 
------------------------------------------
